theta = 2*pi/11.84 * [
0
0.0099999998
0.02
0.029999999
0.039999999
0.050000001
0.059999999
0.07
0.079999998
0.090000004
0.1
0.11
0.12
0.13
0.14
0.15000001
0.16
0.17
0.18000001
0.19
0.2
0.20999999
0.22
0.23
0.23999999
0.25
0.25999999
0.27000001
0.28
0.28999999
0.30000001
0.31
0.31999999
0.33000001
0.34
0.34999999
0.36000001
0.37
0.38
0.38999999
0.40000001
0.41
0.41999999
0.43000001
0.44
0.44999999
0.46000001
0.47
0.47999999
0.49000001
0.5
0.50999999
0.51999998
0.52999997
0.54000002
0.55000001
0.56
0.56999999
0.57999998
0.58999997
0.60000002
0.61000001
0.62
0.63
0.63999999
0.64999998
0.66000003
0.67000002
0.68000001
0.69
0.69999999
0.70999998
0.72000003
0.73000002
0.74000001
0.75
0.75999999
0.76999998
0.77999997
0.79000002
0.80000001
0.81
0.81999999
0.82999998
0.83999997
0.85000002
0.86000001
0.87
0.88
0.88999999
0.89999998
0.91000003
0.92000002
0.93000001
0.94
0.94999999
0.95999998
0.97000003
0.98000002
0.99000001
1
1.01
1.02
1.03
1.04
1.05
1.0599999
1.0700001
1.08
1.09
1.1
1.11
1.12
1.13
1.14
1.15
1.16
1.17
1.1799999
1.1900001
1.2
1.21
1.22
1.23
1.24
1.25
1.26
1.27
1.28
1.29
1.3
1.3099999
1.3200001
1.33
1.34
1.35
1.36
1.37
1.38
1.39
1.4
1.41
1.42
1.4299999
1.4400001
1.45
1.46
1.47
1.48
1.49
1.5
1.51
1.52
1.53
1.54
1.55
1.5599999
1.5700001
1.58
1.59
1.6
1.61
1.62
1.63
1.64
1.65
1.66
1.67
1.6799999
1.6900001
1.7
1.71
1.72
1.73
1.74
1.75
1.76
1.77
1.78
1.79
1.8
1.8099999
1.8200001
1.83
1.84
1.85
1.86
1.87
1.88
1.89
1.9
1.91
1.92
1.9299999
1.9400001
1.95
1.96
1.97
1.98
1.99
2
2.01
2.02
2.03
2.04
2.05
2.0599999
2.0699999
2.0799999
2.0899999
2.0999999
2.1099999
2.1199999
2.1300001
2.1400001
2.1500001
2.1600001
2.1700001
2.1800001
2.1900001
2.2
2.21
2.22
2.23
2.24
2.25
2.26
2.27
2.28
2.29
2.3
2.3099999
2.3199999
2.3299999
2.3399999
2.3499999
2.3599999
2.3699999
2.3800001
2.3900001
2.4000001
2.4100001
2.4200001
2.4300001
2.4400001
2.45
2.46
2.47
2.48
2.49
2.5
2.51
2.52
2.53
2.54
2.55
2.5599999
2.5699999
2.5799999
2.5899999
2.5999999
2.6099999
2.6199999
2.6300001
2.6400001
2.6500001
2.6600001
2.6700001
2.6800001
2.6900001
2.7
2.71
2.72
2.73
2.74
2.75
2.76
2.77
2.78
2.79
2.8
2.8099999
2.8199999
2.8299999
2.8399999
2.8499999
2.8599999
2.8699999
2.8800001
2.8900001
2.9000001
2.9100001
2.9200001
2.9300001
2.9400001
2.95
2.96
2.97
2.98
2.99
3
3.01
3.02
3.03
3.04
3.05
3.0599999
3.0699999
3.0799999
3.0899999
3.0999999
3.1099999
3.1199999
3.1300001
3.1400001
3.1500001
3.1600001
3.1700001
3.1800001
3.1900001
3.2
3.21
3.22
3.23
3.24
3.25
3.26
3.27
3.28
3.29
3.3
3.3099999
3.3199999
3.3299999
3.3399999
3.3499999
3.3599999
3.3699999
3.3800001
3.3900001
3.4000001
3.4100001
3.4200001
3.4300001
3.4400001
3.45
3.46
3.47
3.48
3.49
3.5
3.51
3.52
3.53
3.54
3.55
3.5599999
3.5699999
3.5799999
3.5899999
3.5999999
3.6099999
3.6199999
3.6300001
3.6400001
3.6500001
3.6600001
3.6700001
3.6800001
3.6900001
3.7
3.71
3.72
3.73
3.74
3.75
3.76
3.77
3.78
3.79
3.8
3.8099999
3.8199999
3.8299999
3.8399999
3.8499999
3.8599999
3.8699999
3.8800001
3.8900001
3.9000001
3.9100001
3.9200001
3.9300001
3.9400001
3.95
3.96
3.97
3.98
3.99
4
4.0100002
4.02
4.0300002
4.04
4.0500002
4.0599999
4.0700002
4.0799999
4.0900002
4.0999999
4.1100001
4.1199999
4.1300001
4.1399999
4.1500001
4.1599998
4.1700001
4.1799998
4.1900001
4.1999998
4.21
4.2199998
4.23
4.2399998
4.25
4.2600002
4.27
4.2800002
4.29
4.3000002
4.3099999
4.3200002
4.3299999
4.3400002
4.3499999
4.3600001
4.3699999
4.3800001
4.3899999
4.4000001
4.4099998
4.4200001
4.4299998
4.4400001
4.4499998
4.46
4.4699998
4.48
4.4899998
4.5
4.5100002
4.52
4.5300002
4.54
4.5500002
4.5599999
4.5700002
4.5799999
4.5900002
4.5999999
4.6100001
4.6199999
4.6300001
4.6399999
4.6500001
4.6599998
4.6700001
4.6799998
4.6900001
4.6999998
4.71
4.7199998
4.73
4.7399998
4.75
4.7600002
4.77
4.7800002
4.79
4.8000002
4.8099999
4.8200002
4.8299999
4.8400002
4.8499999
4.8600001
4.8699999
4.8800001
4.8899999
4.9000001
4.9099998
4.9200001
4.9299998
4.9400001
4.9499998
4.96
4.9699998
4.98
4.9899998
5
5.0100002
5.02
5.0300002
5.04
5.0500002
5.0599999
5.0700002
5.0799999
5.0900002
5.0999999
5.1100001
5.1199999
5.1300001
5.1399999
5.1500001
5.1599998
5.1700001
5.1799998
5.1900001
5.1999998
5.21
5.2199998
5.23
5.2399998
5.25
5.2600002
5.27
5.2800002
5.29
5.3000002
5.3099999
5.3200002
5.3299999
5.3400002
5.3499999
5.3600001
5.3699999
5.3800001
5.3899999
5.4000001
5.4099998
5.4200001
5.4299998
5.4400001
5.4499998
5.46
5.4699998
5.48
5.4899998
5.5
5.5100002
5.52
5.5300002
5.54
5.5500002
5.5599999
5.5700002
5.5799999
5.5900002
5.5999999
5.6100001
5.6199999
5.6300001
5.6399999
5.6500001
5.6599998
5.6700001
5.6799998
5.6900001
5.6999998
5.71
5.7199998
5.73
5.7399998
5.75
5.7600002
5.77
5.7800002
5.79
5.8000002
5.8099999
5.8200002
5.8299999
5.8400002
5.8499999
5.8600001
5.8699999
5.8800001
5.8899999
5.9000001
5.9099998
5.9200001
5.9299998
5.9400001
5.9499998
5.96
5.9699998
5.98
5.9899998
6
6.0100002
6.02
6.0300002
6.04
6.0500002
6.0599999
6.0700002
6.0799999
6.0900002
6.0999999
6.1100001
6.1199999
6.1300001
6.1399999
6.1500001
6.1599998
6.1700001
6.1799998
6.1900001
6.1999998
6.21
6.2199998
6.23
6.2399998
6.25
6.2600002
6.27
6.2800002
6.29
6.3000002
6.3099999
6.3200002
6.3299999
6.3400002
6.3499999
6.3600001
6.3699999
6.3800001
6.3899999
6.4000001
6.4099998
6.4200001
6.4299998
6.4400001
6.4499998
6.46
6.4699998
6.48
6.4899998
6.5
6.5100002
6.52
6.5300002
6.54
6.5500002
6.5599999
6.5700002
6.5799999
6.5900002
6.5999999
6.6100001
6.6199999
6.6300001
6.6399999
6.6500001
6.6599998
6.6700001
6.6799998
6.6900001
6.6999998
6.71
6.7199998
6.73
6.7399998
6.75
6.7600002
6.77
6.7800002
6.79
6.8000002
6.8099999
6.8200002
6.8299999
6.8400002
6.8499999
6.8600001
6.8699999
6.8800001
6.8899999
6.9000001
6.9099998
6.9200001
6.9299998
6.9400001
6.9499998
6.96
6.9699998
6.98
6.9899998
7
7.0100002
7.02
7.0300002
7.04
7.0500002
7.0599999
7.0700002
7.0799999
7.0900002
7.0999999
7.1100001
7.1199999
7.1300001
7.1399999
7.1500001
7.1599998
7.1700001
7.1799998
7.1900001
7.1999998
7.21
7.2199998
7.23
7.2399998
7.25
7.2600002
7.27
7.2800002
7.29
7.3000002
7.3099999
7.3200002
7.3299999
7.3400002
7.3499999
7.3600001
7.3699999
7.3800001
7.3899999
7.4000001
7.4099998
7.4200001
7.4299998
7.4400001
7.4499998
7.46
7.4699998
7.48
7.4899998
7.5
7.5100002
7.52
7.5300002
7.54
7.5500002
7.5599999
7.5700002
7.5799999
7.5900002
7.5999999
7.6100001
7.6199999
7.6300001
7.6399999
7.6500001
7.6599998
7.6700001
7.6799998
7.6900001
7.6999998
7.71
7.7199998
7.73
7.7399998
7.75
7.7600002
7.77
7.7800002
7.79
7.8000002
7.8099999
7.8200002
7.8299999
7.8400002
7.8499999
7.8600001
7.8699999
7.8800001
7.8899999
7.9000001
7.9099998
7.9200001
7.9299998
7.9400001
7.9499998
7.96
7.9699998
7.98
7.9899998
8
8.0100002
8.0200005
8.0299997
8.04
8.0500002
8.0600004
8.0699997
8.0799999
8.0900002
8.1000004
8.1099997
8.1199999
8.1300001
8.1400003
8.1499996
8.1599998
8.1700001
8.1800003
8.1899996
8.1999998
8.21
8.2200003
8.2299995
8.2399998
8.25
8.2600002
8.2700005
8.2799997
8.29
8.3000002
8.3100004
8.3199997
8.3299999
8.3400002
8.3500004
8.3599997
8.3699999
8.3800001
8.3900003
8.3999996
8.4099998
8.4200001
8.4300003
8.4399996
8.4499998
8.46
8.4700003
8.4799995
8.4899998
8.5
8.5100002
8.5200005
8.5299997
8.54
8.5500002
8.5600004
8.5699997
8.5799999
8.5900002
8.6000004
8.6099997
8.6199999
8.6300001
8.6400003
8.6499996
8.6599998
8.6700001
8.6800003
8.6899996
8.6999998
8.71
8.7200003
8.7299995
8.7399998
8.75
8.7600002
8.7700005
8.7799997
8.79
8.8000002
8.8100004
8.8199997
8.8299999
8.8400002
8.8500004
8.8599997
8.8699999
8.8800001
8.8900003
8.8999996
8.9099998
8.9200001
8.9300003
8.9399996
8.9499998
8.96
8.9700003
8.9799995
8.9899998
9
9.0100002
9.0200005
9.0299997
9.04
9.0500002
9.0600004
9.0699997
9.0799999
9.0900002
9.1000004
9.1099997
9.1199999
9.1300001
9.1400003
9.1499996
9.1599998
9.1700001
9.1800003
9.1899996
9.1999998
9.21
9.2200003
9.2299995
9.2399998
9.25
9.2600002
9.2700005
9.2799997
9.29
9.3000002
9.3100004
9.3199997
9.3299999
9.3400002
9.3500004
9.3599997
9.3699999
9.3800001
9.3900003
9.3999996
9.4099998
9.4200001
9.4300003
9.4399996
9.4499998
9.46
