Zdata = 2*pi/(11.84) * [0.00026412919
0.00026909146
0.00027418704
0.00027941819
0.00028478805
0.00029030026
0.00029595906
0.000301769
0.00030773506
0.0003138624
0.0003201566
0.00032662344
0.00033326913
0.00034010003
0.0003471229
0.00035434487
0.00036177339
0.00036941629
0.00037728183
0.00038537875
0.00039371612
0.00040230373
0.00041115173
0.00042027092
0.00042967274
0.00043936938
0.00044937359
0.00045969908
0.00047036028
0.00048137273
0.0004927527
0.00050451775
0.00051668636
0.00052927848
0.00054231507
0.00055581867
0.00056981319
0.00058432395
0.00059937791
0.00061500364
0.00063123117
0.00064809225
0.00066562009
0.00068384921
0.00070281542
0.00072255539
0.0007431063
0.00076450518
0.00078678853
0.00080999086
0.00083414407
0.00085927552
0.00088540628
0.00091254892
0.00094070472
0.00096986024
0.00099998282
0.0010310167
0.0010628762
0.0010954398
0.0011285418
0.0011619637
0.001195424
0.0012285659
0.0012609455
0.001292016
0.0013211132
0.0013474381
0.0013700388
0.0013877928
0.0013993869
0.0014033008
0.0013977884
0.0013808635
0.0013502892
0.0013035715
0.0012379601
0.0011504574
0.0010378398
0.00089669036
0.00072344957
0.00051448354
0.00026617263
-2.4977482e-05
-0.00036219979
-0.00074830605
-0.0011855031
-0.0016751866
-0.0022177179
-0.0028121888
-0.0034561832
-0.0041455468
-0.0048741805
-0.0056338706
-0.0064141797
-0.0072024101
-0.0079836799
-0.0087411013
-0.0094561139
-0.01010896
-0.010679323
-0.011147128
-0.011493476
-0.011701706
-0.011758529
-0.011655179
-0.011388522
-0.010962008
-0.010386405
-0.0096801827
-0.008869444
-0.0079873037
-0.0070725498
-0.0061674882
-0.0053147543
-0.0045529967
-0.0039115683
-0.0034052655
-0.0030314212
-0.0027719324
-0.0026002789
-0.0024898339
-0.0024192473
-0.0023737801
-0.0023441627
-0.0023248403
-0.0023125203
-0.0023052208
-0.0023017025
-0.0023011533
-0.0023030119
-0.0023068711
-0.0023124241
-0.00231943
-0.0023276967
-0.0023370669
-0.0023474107
-0.0023586196
-0.0023706018
-0.0023832794
-0.0023965868
-0.0024104665
-0.0024248704
-0.0024397559
-0.0024550869
-0.0024708316
-0.0024869626
-0.0025034563
-0.0025202914
-0.0025374496
-0.0025549151
-0.0025726738
-0.0025907131
-0.0026090222
-0.0026275916
-0.0026464129
-0.0026654785
-0.0026847823
-0.0027043179
-0.0027240806
-0.0027440663
-0.0027642704
-0.0027846904
-0.0028053226
-0.0028261652
-0.0028472156
-0.0028684721
-0.0028899335
-0.002911598
-0.0029334652
-0.0029555336
-0.0029778033
-0.0030002736
-0.0030229443
-0.0030458157
-0.0030688872
-0.0030921595
-0.0031156328
-0.0031393077
-0.003163185
-0.0031872648
-0.0032115479
-0.0032360354
-0.0032607284
-0.0032856273
-0.0033107337
-0.0033360485
-0.003361573
-0.003387308
-0.0034132553
-0.0034394164
-0.0034657924
-0.0034923849
-0.0035191951
-0.0035462249
-0.0035734754
-0.003600949
-0.0036286467
-0.003656571
-0.0036847224
-0.0037131037
-0.003741717
-0.0037705631
-0.0037996443
-0.0038289628
-0.0038585204
-0.0038883188
-0.0039183605
-0.0039486475
-0.0039791819
-0.0040099653
-0.0040410003
-0.0040722894
-0.0041038338
-0.0041356371
-0.0041677002
-0.0042000264
-0.004232618
-0.0042654769
-0.0042986055
-0.0043320064
-0.0043656821
-0.0043996354
-0.0044338685
-0.0044683837
-0.004503184
-0.004538272
-0.0045736507
-0.0046093217
-0.0046452889
-0.0046815546
-0.0047181216
-0.0047549927
-0.0047921711
-0.0048296587
-0.0048674596
-0.0049055768
-0.0049440125
-0.0049827704
-0.0050218529
-0.0050612637
-0.005101006
-0.0051410832
-0.0051814979
-0.0052222535
-0.0052633537
-0.0053048022
-0.0053466014
-0.0053887558
-0.0054312684
-0.0054741427
-0.0055173826
-0.0055609914
-0.0056049726
-0.005649331
-0.0056940694
-0.005739192
-0.0057847025
-0.005830605
-0.0058769034
-0.0059236018
-0.0059707039
-0.0060182144
-0.0060661375
-0.0061144768
-0.0061632372
-0.0062124236
-0.0062620388
-0.0063120881
-0.0063625765
-0.0064135087
-0.0064648879
-0.0065167192
-0.0065690093
-0.0066217612
-0.0066749798
-0.006728671
-0.0067828391
-0.0068374886
-0.0068926266
-0.0069482559
-0.0070043835
-0.0070610144
-0.0071181539
-0.0071758074
-0.0072339806
-0.0072926786
-0.0073519079
-0.0074116732
-0.0074719819
-0.0075328392
-0.0075942501
-0.0076562213
-0.0077187601
-0.0077818716
-0.007845562
-0.007909839
-0.0079747066
-0.0080401739
-0.0081062457
-0.0081729302
-0.0082402332
-0.008308162
-0.0083767232
-0.0084459251
-0.0085157724
-0.0085862754
-0.0086574387
-0.0087292707
-0.0088017797
-0.0088749733
-0.0089488579
-0.0090234419
-0.0090987338
-0.0091747409
-0.0092514716
-0.0093289334
-0.0094071357
-0.0094860857
-0.009565793
-0.0096462648
-0.0097275116
-0.0098095415
-0.0098923622
-0.0099759847
-0.010060417
-0.010145667
-0.010231747
-0.010318664
-0.010406429
-0.010495051
-0.010584539
-0.010674903
-0.010766154
-0.010858303
-0.010951358
-0.01104533
-0.01114023
-0.011236069
-0.011332856
-0.011430602
-0.011529319
-0.011629017
-0.011729708
-0.011831403
-0.011934113
-0.01203785
-0.012142626
-0.012248451
-0.012355338
-0.0124633
-0.012572346
-0.012682492
-0.012793747
-0.012906126
-0.013019641
-0.013134304
-0.013250127
-0.013367125
-0.013485311
-0.013604696
-0.013725296
-0.013847122
-0.013970189
-0.014094511
-0.014220102
-0.014346974
-0.014475143
-0.014604622
-0.014735427
-0.014867569
-0.015001068
-0.015135935
-0.015272184
-0.015409832
-0.015548895
-0.015689386
-0.015831321
-0.015974715
-0.016119586
-0.016265949
-0.016413815
-0.016563207
-0.016714137
-0.016866622
-0.017020678
-0.017176323
-0.017333573
-0.017492443
-0.017652951
-0.017815113
-0.017978949
-0.018144473
-0.018311704
-0.018480659
-0.018651355
-0.01882381
-0.018998042
-0.019174067
-0.019351907
-0.019531576
-0.019713094
-0.019896479
-0.020081751
-0.020268926
-0.020458024
-0.020649062
-0.020842062
-0.02103704
-0.021234015
-0.021433009
-0.021634039
-0.021837125
-0.022042284
-0.022249537
-0.022458905
-0.022670407
-0.022884062
-0.02309989
-0.023317911
-0.023538144
-0.023760611
-0.02398533
-0.024212323
-0.024441607
-0.024673209
-0.024907142
-0.02514343
-0.025382092
-0.02562315
-0.025866624
-0.026112536
-0.026360905
-0.026611751
-0.026865097
-0.027120961
-0.027379366
-0.027640333
-0.027903881
-0.028170034
-0.028438808
-0.028710231
-0.028984318
-0.029261092
-0.029540576
-0.029822787
-0.03010775
-0.030395484
-0.030686008
-0.030979346
-0.031275518
-0.031574547
-0.031876452
-0.032181252
-0.032488972
-0.032799631
-0.033113249
-0.03342985
-0.03374945
-0.034072071
-0.034397736
-0.034726467
-0.035058275
-0.03539319
-0.035731234
-0.036072418
-0.036416773
-0.036764309
-0.037115049
-0.037469018
-0.037826229
-0.038186707
-0.03855047
-0.038917538
-0.039287928
-0.039661661
-0.040038761
-0.040419236
-0.040803112
-0.041190408
-0.041581139
-0.041975327
-0.04237299
-0.042774145
-0.043178808
-0.043586999
-0.043998733
-0.044414032
-0.044832911
-0.045255385
-0.045681473
-0.046111189
-0.046544552
-0.046981577
-0.047422275
-0.047866669
-0.048314773
-0.048766594
-0.049222156
-0.04968147
-0.050144549
-0.05061141
-0.051082063
-0.051556524
-0.052034806
-0.052516919
-0.053002875
-0.053492688
-0.053986367
-0.054483932
-0.054985382
-0.055490728
-0.055999994
-0.056513175
-0.057030283
-0.057551336
-0.058076337
-0.058605287
-0.059138201
-0.059675094
-0.060215957
-0.060760804
-0.061309639
-0.061862469
-0.062419295
-0.06298013
-0.063544981
-0.064113826
-0.064686701
-0.065263592
-0.065844491
-0.066429414
-0.067018367
-0.067611337
-0.068208329
-0.068809338
-0.069414362
-0.07002341
-0.070636466
-0.071253538
-0.071874611
-0.072499692
-0.073128767
-0.073761836
-0.07439889
-0.075039916
-0.075684913
-0.076333873
-0.076986782
-0.07764364
-0.078304425
-0.078969121
-0.079637744
-0.08031024
-0.080986634
-0.081666879
-0.082350984
-0.083038926
-0.083730683
-0.084426239
-0.08512558
-0.085828677
-0.086535521
-0.08724609
-0.087960348
-0.088678285
-0.089399882
-0.090125099
-0.09085393
-0.091586322
-0.092322268
-0.09306173
-0.093804687
-0.094551109
-0.09530095
-0.096054196
-0.096810803
-0.09757074
-0.09833397
-0.099100456
-0.09987016
-0.10064305
-0.10141909
-0.10219822
-0.10298041
-0.10376562
-0.1045538
-0.10534492
-0.1061389
-0.10693573
-0.10773534
-0.1085377
-0.10934272
-0.1101504
-0.11096065
-0.11177342
-0.11258866
